2.951237266097966883e-02
2.988933195862988890e-02
2.932939545383920349e-02
4.644783546654311646e-02
2.974278771403692304e-02
4.540738978005068316e-02
3.183242023946113164e-02
2.838664621577651620e-02
2.879172556291442059e-02
3.150042120707834126e-02
2.974180895125920834e-02
2.902072258143365002e-02
3.110817549590832315e-02
2.902502272124779514e-02
3.764559406582175527e-02
3.153642214810802036e-02
2.878062618855108459e-02
2.671017651352060665e-02
2.706882997920442152e-02
2.731288025590892371e-02
2.685570321232608193e-02
5.100026516009820154e-02
2.713040340322459693e-02
2.612274699235522801e-02
2.591067281756034846e-02
2.708169736704930594e-02
4.987594614747260791e-02
2.722345305292670631e-02
2.749898639793110083e-02
2.686051779181748006e-02
2.692079215119821262e-02
2.872823034576643675e-02
