2.588469422111582680e-02
6.481422478059249703e-02
3.773631424577304078e-02
5.173293455051868051e-02
4.356768188206187886e-02
4.610283742418901098e-02
3.355141490969550111e-02
1.260335973323547035e-02
1.619991883483808126e-02
4.931594406302607092e-02
2.142272910302839978e-02
3.739560107196519823e-02
2.131705303572587612e-02
3.875053009873188209e-02
6.025463723016048073e-02
2.908728700479897705e-02
5.513796129170415311e-02
4.125143984396503066e-02
4.109535394450405943e-02
0.000000000000000000e+00
3.662684730211931278e-02
6.243784174811915083e-02
0.000000000000000000e+00
0.000000000000000000e+00
4.195650506437161725e-02
5.762391025142946793e-02
7.413297836433031807e-02
0.000000000000000000e+00
0.000000000000000000e+00
0.000000000000000000e+00
0.000000000000000000e+00
0.000000000000000000e+00
