4.699945758832303755e-02
6.822422145872211741e-02
3.953071965343844113e-02
5.330658054354331377e-02
4.029821812164204042e-02
5.528482416425217760e-02
3.133551292900783880e-02
3.484105961429480314e-02
5.834719545825560461e-02
3.118763352117014803e-02
5.181865149419869615e-02
3.440512149491144200e-02
5.158031513347076380e-02
3.459571762344981760e-02
5.998091971546373052e-02
3.631297455969195037e-02
1.806285951257420933e-02
1.454129924382926639e-02
2.357996550413529388e-02
9.734091340658685559e-03
3.034339752909372481e-02
1.203842386644627706e-02
2.175299987459795859e-02
2.113387967677960930e-02
1.413210674350609194e-02
9.397508337066540207e-03
1.799074004930632104e-02
1.799438613835604994e-02
1.563598074232235707e-02
1.492719652173258096e-02
2.095128645327238789e-02
9.734755392486731801e-03
