4.188300046903722929e-02
7.647972527349142235e-02
3.982681327238524888e-02
5.275437118390713387e-02
3.846155703163278705e-02
5.543471706071666227e-02
3.138637533840551996e-02
3.104635754863286495e-02
6.387991845390819656e-02
3.183181015568962297e-02
5.573008856547857770e-02
4.090233907317672446e-02
5.683668634312157714e-02
4.247938084939366366e-02
4.752504991546377400e-02
3.748475868688756069e-02
2.093503057373192339e-02
1.556322046374391740e-02
2.563366130059106102e-02
5.954062186005741608e-03
3.533508834963546008e-02
6.403246105206092560e-03
1.439199740598123313e-02
2.333592226707761896e-02
1.474518709745571698e-02
3.479160163944100721e-03
1.343068292312290558e-02
2.109894110108263832e-02
9.878139463175139925e-03
1.744587798030279580e-02
2.338183478953358499e-02
5.044998608081500274e-03
