7.887328678813473881e-02
3.248706653284370860e-02
3.185899350200056823e-02
5.546478312117843201e-02
3.164037089115665641e-02
5.760429149880282734e-02
4.098613496901669373e-02
3.026186871234142275e-02
3.312987944209284247e-02
5.386840101607046766e-02
2.763098657321743506e-02
4.693532094593422244e-02
2.811375282155564176e-02
4.607691334224851831e-02
2.698809974361538952e-02
2.981655261620921177e-02
1.011924988165070760e-01
5.456125318034382721e-02
2.158916622255514783e-02
0.000000000000000000e+00
2.178264245122263007e-02
3.160654759287342269e-02
0.000000000000000000e+00
0.000000000000000000e+00
5.223710753748760094e-02
3.168787138388412528e-02
3.360621029870745902e-02
0.000000000000000000e+00
0.000000000000000000e+00
0.000000000000000000e+00
0.000000000000000000e+00
0.000000000000000000e+00
