2.078216470375728736e-02
2.504892406361036716e-02
2.452947185690928025e-02
6.962977501472740471e-02
2.455628427653203105e-02
7.062758279791411797e-02
2.637119411602509289e-02
1.958995162925682848e-02
2.058587987003278330e-02
2.635305151392166451e-02
2.690508531705754908e-02
2.246036934406325791e-02
2.705444208570202333e-02
2.201083432984391949e-02
4.385813475732464051e-02
2.298094391288837274e-02
3.257850268046214720e-02
2.773750826951816226e-02
1.885202457465631060e-02
2.090103162533355277e-02
1.820639798195056516e-02
9.642328625326590519e-02
1.770130205344987856e-02
2.495942835760804265e-02
2.445842592274614577e-02
1.843949766095298939e-02
9.076679368319574837e-02
1.927379366168028435e-02
2.298143771894605586e-02
1.881898729701299983e-02
2.611733759985880934e-02
2.844015506979582358e-02
