3.214707849059852268e-02
2.062624598661095404e-02
1.542174628482355370e-02
3.344660360046555758e-02
1.517451168075506854e-02
3.083196291065181185e-02
4.583494722842584163e-02
1.681240119412232698e-02
2.074510422287539554e-02
5.325420469311636928e-02
2.696927666659772529e-02
2.262604179457635908e-02
2.432222881696721045e-02
2.033693142402758641e-02
1.709734011001788276e-02
1.831337621756977396e-02
2.318874786849111649e-05
1.930137877602732671e-02
7.251096011808538799e-03
3.537779523098427692e-02
1.845414858283129372e-02
4.934410932992454313e-02
7.977135138186212948e-02
3.737793827324982499e-02
1.988599229567848334e-02
2.644001331836916616e-02
5.200536012042739076e-02
6.186563385551457905e-02
3.280491196537262122e-02
7.583145031041005346e-02
3.341525705841251470e-02
3.689037341905686274e-02
