6.394147612821901583e-02
3.864315782782150321e-02
3.755899390970854346e-02
5.320083967892665078e-02
3.738828284099513649e-02
5.188765981740619398e-02
4.272186673730356266e-02
3.569551058059968612e-02
3.937526782881043547e-02
4.803948560355876529e-02
3.438313345622966838e-02
4.717286554623027761e-02
3.479297204110311931e-02
4.684530541219744659e-02
3.465634766803916966e-02
3.841817816173841160e-02
6.885483604634981547e-02
4.608885145161983887e-02
2.754603963686576631e-02
0.000000000000000000e+00
2.719679739176208977e-02
3.345237016817036169e-02
0.000000000000000000e+00
0.000000000000000000e+00
4.450925403524798318e-02
3.432761771719543276e-02
3.330289031390111509e-02
0.000000000000000000e+00
0.000000000000000000e+00
0.000000000000000000e+00
0.000000000000000000e+00
0.000000000000000000e+00
