5.133716230571934436e-02
3.482711748638724070e-02
3.120628990107230868e-02
3.563462283919365675e-02
3.127189155133035248e-02
3.664415187080797415e-02
7.928642021778634086e-02
3.828171992706456972e-02
4.155674529637293224e-02
8.346730139968358553e-02
4.084451081801198508e-02
3.299843325801547073e-02
3.908260655460589483e-02
3.276681044387702579e-02
3.062572586004788655e-02
5.067323366745506152e-02
0.000000000000000000e+00
2.741025699443140271e-02
4.850386843367478912e-02
2.601285329015837894e-02
4.407789665736923379e-02
0.000000000000000000e+00
1.632893386887814685e-02
1.380632192741452179e-02
2.668306820904461224e-02
4.334130090997541374e-02
9.638020238936357426e-03
5.510992563550489408e-03
2.745531365388954176e-02
6.879615889301439295e-03
1.384681396594416615e-02
0.000000000000000000e+00
