2.501663529787644460e-02
1.683178675053646420e-02
1.297963995047474520e-02
1.888426933641781241e-02
1.230579116018576044e-02
2.055385811339612012e-02
1.010937970929495916e-01
1.533941543867960514e-02
2.553534518963603353e-02
1.107630391998174757e-01
3.219809594389732438e-02
1.789996786392039282e-02
2.754340998886756903e-02
1.656922018582056982e-02
1.597405821140235327e-02
2.087195044603622901e-02
0.000000000000000000e+00
4.832494822676654256e-02
8.832427888163287000e-02
4.876900609345006382e-02
7.287553507786151408e-02
0.000000000000000000e+00
1.376762747145880358e-02
2.882263228185023753e-03
4.253240899332363933e-02
7.496960979827255178e-02
4.138160352207413684e-02
4.736713605816166364e-03
4.631075575173518311e-02
2.168898655979268827e-02
3.075982619716378583e-03
0.000000000000000000e+00
