8.836947091440525148e-02
2.423729252212227306e-02
1.991134504884691653e-02
7.580008774846727637e-02
2.013234598196735753e-02
7.753656528328327358e-02
4.581713930365674536e-02
2.199982906520094386e-02
2.243747741457822326e-02
6.517689940354412514e-02
1.941836270674073342e-02
3.246852775111529893e-02
2.201175797350888447e-02
3.549655806872534236e-02
1.333119602207859244e-02
1.641366988709467428e-02
1.475476381475220033e-01
7.197871067671396395e-02
1.360638938088674574e-02
0.000000000000000000e+00
1.530793808996297987e-02
3.184640577434461051e-02
0.000000000000000000e+00
0.000000000000000000e+00
6.131185168275815611e-02
2.578877249973961575e-02
3.205376865273605602e-02
0.000000000000000000e+00
0.000000000000000000e+00
0.000000000000000000e+00
0.000000000000000000e+00
0.000000000000000000e+00
