2.596339714309262026e-02
2.861341604828451096e-02
2.864462769114170526e-02
5.306099338600971105e-02
2.839925801717961204e-02
5.440873221521549258e-02
2.974082213238006187e-02
2.503211172975614712e-02
2.658831433745304992e-02
3.077011446465988120e-02
2.731464092107296904e-02
2.683301252693999842e-02
2.830745783024636239e-02
2.699529288829110099e-02
3.959509613589393823e-02
2.828018494021832321e-02
2.961649257062930543e-02
2.600822134114492284e-02
2.350307387588880179e-02
2.482080806917180693e-02
2.365073389271065210e-02
6.993583907072546679e-02
2.417379831336158996e-02
2.553919258439233883e-02
2.520345109356340180e-02
2.402666235947970019e-02
6.428190757217888684e-02
2.397084156884848188e-02
2.598494153379612287e-02
2.478301348520533381e-02
2.668191587554121641e-02
2.927163438552652514e-02
