1.920272836886963500e-02
8.138867222706305804e-02
5.990884433042653612e-02
4.346951452153968720e-02
5.708442345728478168e-02
4.397534905742571387e-02
6.680101899720339298e-02
4.391060025693424573e-02
2.776085358339654488e-02
5.990541806345598547e-02
3.468456072793238421e-02
4.375842634402363901e-02
3.489722382544470369e-02
4.293495670752467408e-02
4.024306356774847576e-02
4.239001740550742831e-02
0.000000000000000000e+00
0.000000000000000000e+00
5.164967446715708344e-02
0.000000000000000000e+00
5.143891986051665061e-02
5.381174169129161744e-02
0.000000000000000000e+00
0.000000000000000000e+00
0.000000000000000000e+00
4.594999230913172916e-02
5.483400023012199170e-02
0.000000000000000000e+00
0.000000000000000000e+00
0.000000000000000000e+00
0.000000000000000000e+00
0.000000000000000000e+00
