2.261343013116911757e-02
8.863890190699098837e-02
5.710052878067133075e-02
4.191246106785648934e-02
5.220508149239200257e-02
4.377934089288039454e-02
6.113144637034430978e-02
5.658961349662598728e-02
4.389052723355233582e-02
5.998400062351969680e-02
3.806631208965599589e-02
4.877796073585227016e-02
3.998910163281808178e-02
5.137467410422816988e-02
4.037579958153795362e-02
4.539933755349877254e-02
0.000000000000000000e+00
0.000000000000000000e+00
3.765591196096388510e-02
0.000000000000000000e+00
4.063126819719906080e-02
4.607015695999709670e-02
0.000000000000000000e+00
0.000000000000000000e+00
0.000000000000000000e+00
4.004380534902256261e-02
4.377033983922347382e-02
0.000000000000000000e+00
0.000000000000000000e+00
0.000000000000000000e+00
0.000000000000000000e+00
0.000000000000000000e+00
