2.888453834208167675e-02
7.911210319135517088e-02
4.390059734632074939e-02
3.941658906404681140e-02
4.113881244210246951e-02
5.316864026088803652e-02
8.235114057301481938e-02
5.636051220537037498e-02
4.702037063376868914e-02
9.478986048758719640e-02
2.553492170069503533e-02
4.242501046745756482e-02
3.319140674172487565e-02
5.108820952398544085e-02
4.392761792909545548e-02
3.507664402573303086e-02
0.000000000000000000e+00
0.000000000000000000e+00
4.499244137531006882e-02
0.000000000000000000e+00
3.155236422410935548e-02
4.484233223450173611e-02
0.000000000000000000e+00
0.000000000000000000e+00
0.000000000000000000e+00
3.798961833152351281e-02
4.323626889932803696e-02
0.000000000000000000e+00
0.000000000000000000e+00
0.000000000000000000e+00
0.000000000000000000e+00
0.000000000000000000e+00
