5.321756962083110803e-02
6.088975365628547520e-02
4.314302442824598238e-02
4.316398404584671777e-02
4.643427073127855131e-02
4.083262613441285965e-02
4.949011187581661697e-02
4.344858628600638262e-02
5.700112882343455478e-02
5.103954017259386411e-02
3.162979421572095079e-02
4.269109870982802646e-02
3.357610695018414110e-02
4.130483678010953702e-02
2.981314267262114709e-02
3.764457603167244842e-02
1.767961590127986593e-02
2.524407388516618916e-02
4.233760432062307066e-02
0.000000000000000000e+00
4.440011872276495436e-02
4.394627633474491868e-02
0.000000000000000000e+00
0.000000000000000000e+00
2.687429751152512966e-02
4.787756328084189633e-02
4.632029890816562190e-02
0.000000000000000000e+00
0.000000000000000000e+00
0.000000000000000000e+00
0.000000000000000000e+00
0.000000000000000000e+00
