4.367510283685462069e-02
1.839842706999367944e-02
8.391949524794351314e-03
3.616840641010687224e-02
9.034155132874817362e-03
3.715512544965481057e-02
4.932107337127238089e-02
1.301991858273963965e-02
2.116487875901818666e-02
7.063362322665570070e-02
2.353734833909836011e-02
8.896043216853243008e-03
2.079876233364414892e-02
7.061800782341797270e-03
1.831592088195964016e-02
8.280081649696246354e-03
4.203434395550613727e-05
1.424024306360480510e-02
1.161669483670217835e-02
3.524965037121451095e-02
2.147049985971345026e-02
5.264575035147765064e-02
7.252909036379387442e-02
2.993463815827807073e-02
2.517807133215653817e-02
3.022742160420869781e-02
6.043494548407325750e-02
6.414879234968530464e-02
4.665592895344007618e-02
7.595861911116072451e-02
3.513978497184353650e-02
3.067521727713336602e-02
