4.467787009065361803e-02
3.864153237684649078e-02
3.600106771986925219e-02
6.984365408541085007e-02
3.486555016194642365e-02
7.311029281232593602e-02
2.804936519160166480e-02
2.769026341431775687e-02
5.333375244064589987e-02
1.945668691276776843e-02
5.754407633299811475e-02
3.665222114008901549e-02
5.913125523796706334e-02
3.951463060207561356e-02
4.447411668251707167e-02
2.929802802165392545e-02
3.681023893684705339e-02
2.491388476455277251e-02
3.634176812465379769e-02
5.407334462029884589e-03
4.841463708910913322e-02
5.313192102068937939e-03
5.642256509275217491e-03
3.007750811878958166e-02
1.934199884831586808e-02
1.780101803478258832e-03
5.131697251480426061e-03
3.326272997706777867e-02
8.000497007594753462e-03
1.826175532410434510e-02
2.591321024735140227e-02
3.102826209594377813e-03
