5.253174811974602176e-02
2.246143712806639159e-02
4.055310592069472087e-02
7.269481051244813807e-02
3.749425216353199225e-02
6.510026798092331812e-02
3.043588249625549941e-02
3.383563555936199008e-02
1.444424459133409645e-02
4.692631797963495860e-02
3.265252009712699133e-02
3.300408522020349678e-02
3.083740007882536729e-02
2.848565502768772920e-02
2.692722428749246694e-02
7.254347230950539474e-03
2.593227950846991800e-02
2.136231785984619991e-02
6.607182432689219509e-02
0.000000000000000000e+00
6.988004597839946042e-02
6.175357541161232561e-02
0.000000000000000000e+00
0.000000000000000000e+00
3.091682806951081414e-02
7.372457492663682388e-02
7.471961952434860721e-02
0.000000000000000000e+00
0.000000000000000000e+00
0.000000000000000000e+00
0.000000000000000000e+00
0.000000000000000000e+00
