5.576263240995676940e-02
4.002253614130941994e-02
5.228108713511432637e-02
4.319649048893552112e-02
4.982683444256153643e-02
4.446980466611578919e-02
4.881427358039043540e-02
3.988642123580847521e-02
4.311608649964394913e-02
4.785165387183058783e-02
2.340681956347323220e-02
3.986848520242843030e-02
2.410559578729815772e-02
3.773988569860360631e-02
3.016803349215384580e-02
3.346216069886857880e-02
1.680417269478615833e-02
3.057120826404246053e-02
6.291626143318079789e-02
0.000000000000000000e+00
4.871627253357525833e-02
5.377002246896132875e-02
0.000000000000000000e+00
0.000000000000000000e+00
3.348296720905433871e-02
5.112788380876296529e-02
4.863241067314407612e-02
0.000000000000000000e+00
0.000000000000000000e+00
0.000000000000000000e+00
0.000000000000000000e+00
0.000000000000000000e+00
