6.100349547508179121e-02
6.730259895115545121e-02
4.965065274889709362e-02
4.097919935627963861e-02
5.060500245037154177e-02
4.154875790608206221e-02
3.763554628043588174e-02
2.862942684658845161e-02
5.075259435166943472e-02
4.851479536935783543e-02
2.887113505032920524e-02
3.870174027863857585e-02
2.972257149991159794e-02
3.717152890270904869e-02
5.312222327514930231e-02
3.125787015028121119e-02
3.957172449444514017e-02
3.316291573048908703e-02
3.272444241051276903e-02
0.000000000000000000e+00
3.272757495983351361e-02
4.487860540687487604e-02
0.000000000000000000e+00
0.000000000000000000e+00
3.317839404531812419e-02
4.152619438738651414e-02
4.676100967220193916e-02
0.000000000000000000e+00
0.000000000000000000e+00
0.000000000000000000e+00
0.000000000000000000e+00
0.000000000000000000e+00
