6.163564141737537527e-02
5.240649376486592598e-02
4.827574230257419829e-02
4.715144977498518519e-02
5.076453732731291829e-02
4.682651357783219892e-02
3.269434166824929100e-02
2.410044844931700375e-02
3.789945052358714012e-02
4.803375395657928648e-02
2.898445995636807909e-02
3.203209654357246083e-02
2.946222373254702570e-02
3.324830847384617483e-02
4.831307306811173652e-02
3.019480164091723623e-02
5.551060284041429288e-02
3.252851383398126101e-02
3.276735382248170680e-02
0.000000000000000000e+00
3.372196548455286269e-02
4.976999877807401773e-02
0.000000000000000000e+00
0.000000000000000000e+00
3.472415016180134539e-02
5.475651894644310846e-02
5.419755995421017547e-02
0.000000000000000000e+00
0.000000000000000000e+00
0.000000000000000000e+00
0.000000000000000000e+00
0.000000000000000000e+00
