4.607168511091742219e-02
2.675518928084740303e-02
2.494414634523725235e-02
2.100289659497544051e-02
2.404260194035733392e-02
2.561138932818936634e-02
9.189441571142981102e-02
3.591419154036410571e-02
4.081159476611080639e-02
9.801264829652564514e-02
3.173633277716781526e-02
3.164062829658777221e-02
3.699040303095109394e-02
3.001498187742743240e-02
2.837032147188728315e-02
4.146572753751334717e-02
0.000000000000000000e+00
2.888316655075512385e-02
6.943603909736470459e-02
2.957337238557906575e-02
5.765995755362895991e-02
0.000000000000000000e+00
1.458036673896684343e-02
9.970302871783614379e-03
3.142939180216023504e-02
5.009949611219902815e-02
1.641451337710918973e-02
6.584107039813089091e-03
3.063129918041179733e-02
9.203643428989095182e-03
1.025518995475002172e-02
0.000000000000000000e+00
