3.603594923067097999e-02
3.128004963113822923e-02
2.268787194007053712e-02
2.961852782114239233e-02
2.197308047565818545e-02
3.088918874556580846e-02
4.578862026767081816e-02
2.188318178560355598e-02
3.011156395468299676e-02
5.079241537227071474e-02
2.937541623042903144e-02
2.874389937990874319e-02
3.221990817377468758e-02
2.967282305985307483e-02
2.858470764486447518e-02
2.467117520616584139e-02
1.527949735871597317e-05
1.445966896060892418e-02
9.963508076348629935e-03
3.399282523588852134e-02
2.329180116338741210e-02
4.368554385398561168e-02
6.891325068397613496e-02
2.971256082299151766e-02
1.308442187544934208e-02
2.571838882043177635e-02
4.981417421683466407e-02
4.993981586405417394e-02
2.690911292964607432e-02
6.345409471658901290e-02
2.947038455904775825e-02
2.324678980393167504e-02
